iter task 1 acc. task 2 acc. avg acc.
0 0.6299 0.63145 0.630675
1 0.70225 0.6961 0.6991750000000001
2 0.72995 0.7351 0.732525
3 0.7596 0.754 0.7568
4 0.7707 0.7648 0.76775
5 0.7808 0.77 0.7754000000000001
6 0.7944 0.7843 0.78935
7 0.7958 0.7936 0.7947
8 0.79695 0.80085 0.7988999999999999
9 0.79845 0.7986 0.7985249999999999
10 0.79485 0.78415 0.7895
11 0.81165 0.80445 0.8080499999999999
12 0.8139 0.80625 0.810075
13 0.81085 0.80465 0.80775
14 0.8129 0.80735 0.810125
15 0.82975 0.82485 0.8272999999999999
16 0.8323 0.8292 0.8307500000000001
17 0.8356 0.83155 0.833575
18 0.83795 0.83425 0.8361000000000001
19 0.8396 0.8356 0.8376
20 0.8418 0.8381 0.83995
21 0.84385 0.8397 0.8417749999999999
22 0.84455 0.84135 0.8429500000000001
23 0.84635 0.8425 0.844425
24 0.84765 0.84375 0.8457
25 0.8496 0.84535 0.847475
26 0.8506 0.8469 0.84875
27 0.85145 0.84755 0.8495
28 0.8521 0.84845 0.850275
29 0.8532 0.8497 0.85145
30 0.85465 0.84965 0.85215
31 0.8547 0.8497 0.8522000000000001
32 0.85465 0.84975 0.8522000000000001
33 0.8546 0.8497 0.85215
34 0.85465 0.84975 0.8522000000000001
35 0.85475 0.84965 0.8522000000000001
36 0.8549 0.8497 0.8523000000000001
37 0.8551 0.84975 0.852425
38 0.8553 0.84985 0.852575
39 0.8556 0.85 0.8528
40 0.8557 0.84995 0.8528249999999999
41 0.8558 0.84995 0.852875
42 0.8559 0.85005 0.852975
43 0.85595 0.85035 0.8531500000000001
44 0.85605 0.85045 0.8532500000000001
45 0.856 0.85055 0.853275
46 0.85615 0.85045 0.8533
47 0.85625 0.85045 0.85335
48 0.8562 0.85045 0.853325
49 0.8563 0.8504 0.85335
50 0.8563 0.8506 0.85345
51 0.8563 0.8506 0.85345
52 0.85635 0.8506 0.853475
53 0.85635 0.8506 0.853475
54 0.85645 0.8506 0.8535250000000001
55 0.85645 0.8506 0.8535250000000001
56 0.85655 0.85055 0.85355
57 0.8566 0.8505 0.85355
58 0.8566 0.8505 0.85355
59 0.8567 0.85055 0.8536250000000001
60 0.8567 0.85065 0.853675
61 0.8567 0.8506 0.85365
62 0.8567 0.8507 0.8537
63 0.85665 0.8507 0.853675
64 0.85665 0.8507 0.853675
65 0.8566 0.8507 0.85365
66 0.8566 0.8507 0.85365
67 0.8566 0.85065 0.8536250000000001
68 0.8566 0.8506 0.8536
69 0.8566 0.8506 0.8536
70 0.8566 0.8506 0.8536
71 0.8566 0.85065 0.8536250000000001
72 0.8566 0.85065 0.8536250000000001
73 0.8566 0.85065 0.8536250000000001
74 0.8566 0.85065 0.8536250000000001
75 0.8566 0.85065 0.8536250000000001
76 0.85655 0.85065 0.8536
77 0.85655 0.85065 0.8536
78 0.85655 0.85065 0.8536
79 0.85655 0.85065 0.8536
80 0.85655 0.85065 0.8536
81 0.85655 0.85065 0.8536
82 0.85655 0.85065 0.8536
83 0.85655 0.85065 0.8536
84 0.85655 0.85065 0.8536
85 0.85655 0.85065 0.8536
86 0.85655 0.85065 0.8536
87 0.85655 0.85065 0.8536
88 0.85655 0.85065 0.8536
89 0.85655 0.85065 0.8536
90 0.85655 0.85065 0.8536
91 0.85655 0.85065 0.8536
92 0.85655 0.85065 0.8536
93 0.85655 0.85065 0.8536
94 0.85655 0.85065 0.8536
95 0.85655 0.85065 0.8536
96 0.85655 0.85065 0.8536
97 0.85655 0.85065 0.8536
98 0.85655 0.85065 0.8536
99 0.85655 0.85065 0.8536
