iter task 1 acc. task 2 acc. avg acc.
0 0.7464 0.7217 0.73405
1 0.8127 0.7693 0.7909999999999999
2 0.8406 0.78215 0.811375
3 0.8402 0.79265 0.816425
4 0.86085 0.81005 0.83545
5 0.85265 0.80665 0.82965
6 0.87035 0.82205 0.8462
7 0.8884 0.8221 0.8552500000000001
8 0.8773 0.821 0.84915
9 0.895 0.83395 0.864475
10 0.87945 0.8301 0.854775
11 0.8879 0.83345 0.8606750000000001
12 0.9062 0.8469 0.8765499999999999
13 0.90745 0.84175 0.8746
14 0.902 0.83205 0.8670249999999999
15 0.94165 0.88175 0.9117
16 0.94795 0.88855 0.91825
17 0.9513 0.89275 0.9220250000000001
18 0.9538 0.8953 0.92455
19 0.95625 0.8977 0.9269750000000001
20 0.95835 0.8997 0.929025
21 0.9595 0.90085 0.930175
22 0.96015 0.9029 0.9315249999999999
23 0.9619 0.90445 0.933175
24 0.96255 0.90535 0.9339500000000001
25 0.9637 0.9073 0.9355
26 0.9644 0.9088 0.9366000000000001
27 0.9649 0.91115 0.938025
28 0.96565 0.91225 0.93895
29 0.9664 0.9131 0.9397500000000001
30 0.9707 0.9147 0.9427
31 0.9715 0.91475 0.943125
32 0.97165 0.91495 0.9433
33 0.9718 0.91515 0.9434750000000001
34 0.9721 0.9154 0.94375
35 0.97235 0.91575 0.9440500000000001
36 0.97255 0.916 0.944275
37 0.97255 0.91595 0.94425
38 0.97275 0.91595 0.94435
39 0.9729 0.9165 0.9447
40 0.97295 0.91675 0.94485
41 0.973 0.91725 0.945125
42 0.9732 0.91745 0.945325
43 0.9732 0.91755 0.945375
44 0.97325 0.9178 0.945525
45 0.97445 0.9182 0.9463250000000001
46 0.9747 0.9181 0.9464
47 0.97465 0.9184 0.9465250000000001
48 0.97485 0.91845 0.94665
49 0.9748 0.9185 0.94665
50 0.9748 0.91845 0.946625
51 0.9748 0.9184 0.9466
52 0.97485 0.91855 0.9467
53 0.9749 0.9186 0.94675
54 0.97495 0.9186 0.9467749999999999
55 0.97495 0.9186 0.9467749999999999
56 0.97495 0.9187 0.946825
57 0.9749 0.91875 0.946825
58 0.9749 0.91875 0.946825
59 0.9749 0.91875 0.946825
60 0.9749 0.91885 0.9468749999999999
61 0.97495 0.9189 0.946925
62 0.9749 0.91885 0.9468749999999999
63 0.9749 0.9189 0.9469000000000001
64 0.9749 0.91885 0.9468749999999999
65 0.9749 0.9189 0.9469000000000001
66 0.97495 0.91895 0.94695
67 0.97495 0.9188 0.9468749999999999
68 0.975 0.9189 0.94695
69 0.975 0.9189 0.94695
70 0.975 0.91895 0.946975
71 0.975 0.91895 0.946975
72 0.97505 0.919 0.947025
73 0.97505 0.919 0.947025
74 0.97505 0.919 0.947025
75 0.97505 0.919 0.947025
76 0.97505 0.919 0.947025
77 0.97505 0.919 0.947025
78 0.97505 0.919 0.947025
79 0.97505 0.919 0.947025
80 0.97505 0.919 0.947025
81 0.97505 0.919 0.947025
82 0.97505 0.919 0.947025
83 0.97505 0.919 0.947025
84 0.97505 0.919 0.947025
85 0.97505 0.919 0.947025
86 0.97505 0.919 0.947025
87 0.97505 0.91895 0.9470000000000001
88 0.97505 0.91895 0.9470000000000001
89 0.97505 0.91895 0.9470000000000001
90 0.97505 0.91895 0.9470000000000001
91 0.97505 0.91895 0.9470000000000001
92 0.97505 0.91895 0.9470000000000001
93 0.97505 0.91895 0.9470000000000001
94 0.97505 0.91895 0.9470000000000001
95 0.97505 0.91895 0.9470000000000001
96 0.97505 0.91895 0.9470000000000001
97 0.97505 0.91895 0.9470000000000001
98 0.97505 0.91895 0.9470000000000001
99 0.97505 0.91895 0.9470000000000001
