iter task 1 acc. task 2 acc. avg acc.
0 0.65755 0.64865 0.6531
1 0.7177 0.7237 0.7207
2 0.7522 0.7634 0.7578
3 0.76905 0.7627 0.7658750000000001
4 0.78915 0.7688 0.778975
5 0.7826 0.7677 0.77515
6 0.80275 0.79555 0.79915
7 0.80865 0.78925 0.79895
8 0.8187 0.79935 0.809025
9 0.8196 0.80285 0.811225
10 0.8243 0.80485 0.814575
11 0.82965 0.81405 0.82185
12 0.83225 0.81505 0.82365
13 0.83325 0.8286 0.830925
14 0.83875 0.8231 0.830925
15 0.8622 0.85215 0.857175
16 0.8685 0.85865 0.863575
17 0.8728 0.86295 0.867875
18 0.87615 0.8653 0.870725
19 0.8788 0.8683 0.87355
20 0.8812 0.87025 0.875725
21 0.88335 0.87205 0.8776999999999999
22 0.8845 0.8744 0.87945
23 0.886 0.87645 0.8812249999999999
24 0.88835 0.8781 0.8832249999999999
25 0.88935 0.88055 0.88495
26 0.89035 0.8823 0.886325
27 0.89235 0.8835 0.887925
28 0.894 0.8842 0.8891
29 0.89535 0.88575 0.89055
30 0.8999 0.89185 0.895875
31 0.8997 0.8922 0.89595
32 0.89995 0.8926 0.8962749999999999
33 0.89725 0.8897 0.893475
34 0.8985 0.89045 0.8944749999999999
35 0.89885 0.8907 0.8947750000000001
36 0.8995 0.89125 0.895375
37 0.8996 0.892 0.8957999999999999
38 0.9002 0.89245 0.896325
39 0.9005 0.8922 0.89635
40 0.90045 0.89255 0.8965
41 0.90095 0.8929 0.896925
42 0.90105 0.893 0.897025
43 0.90125 0.89405 0.8976500000000001
44 0.90145 0.8941 0.897775
45 0.90145 0.89415 0.8977999999999999
46 0.90155 0.8941 0.897825
47 0.9015 0.89445 0.897975
48 0.90165 0.89425 0.89795
49 0.9017 0.89425 0.897975
50 0.90175 0.89425 0.898
51 0.9018 0.89425 0.8980250000000001
52 0.90185 0.8943 0.898075
53 0.90195 0.89435 0.89815
54 0.902 0.89435 0.898175
55 0.9021 0.8943 0.8982
56 0.9024 0.8943 0.89835
57 0.90255 0.8943 0.898425
58 0.90255 0.8943 0.898425
59 0.9026 0.8944 0.8985
60 0.9026 0.8944 0.8985
61 0.9026 0.89435 0.8984749999999999
62 0.9027 0.8943 0.8985
63 0.9027 0.8943 0.8985
64 0.90275 0.89425 0.8985000000000001
65 0.90275 0.8943 0.898525
66 0.9027 0.8943 0.8985
67 0.9027 0.8942 0.89845
68 0.9027 0.89425 0.8984749999999999
69 0.9027 0.89425 0.8984749999999999
70 0.9027 0.8942 0.89845
71 0.90275 0.8943 0.898525
72 0.90275 0.8943 0.898525
73 0.90275 0.89425 0.8985000000000001
74 0.90275 0.89425 0.8985000000000001
75 0.9027 0.89425 0.8984749999999999
76 0.9027 0.89425 0.8984749999999999
77 0.9027 0.89425 0.8984749999999999
78 0.9027 0.89425 0.8984749999999999
79 0.9027 0.89425 0.8984749999999999
80 0.9027 0.89425 0.8984749999999999
81 0.9027 0.89425 0.8984749999999999
82 0.9027 0.89425 0.8984749999999999
83 0.9027 0.89425 0.8984749999999999
84 0.9027 0.89425 0.8984749999999999
85 0.9027 0.89425 0.8984749999999999
86 0.9027 0.89425 0.8984749999999999
87 0.9027 0.89425 0.8984749999999999
88 0.9027 0.89425 0.8984749999999999
89 0.9027 0.89425 0.8984749999999999
90 0.9027 0.89425 0.8984749999999999
91 0.9027 0.89425 0.8984749999999999
92 0.9027 0.89425 0.8984749999999999
93 0.9027 0.89425 0.8984749999999999
94 0.9027 0.89425 0.8984749999999999
95 0.9027 0.89425 0.8984749999999999
96 0.9027 0.89425 0.8984749999999999
97 0.9027 0.89425 0.8984749999999999
98 0.9027 0.89425 0.8984749999999999
99 0.9027 0.89425 0.8984749999999999
