iter task 1 acc. task 2 acc. avg acc.
0 0.68405 0.70435 0.6942
1 0.76755 0.76205 0.7647999999999999
2 0.8181 0.78495 0.801525
3 0.8324 0.7988 0.8156
4 0.85435 0.8093 0.831825
5 0.86795 0.81965 0.8438
6 0.87495 0.82845 0.8517
7 0.8817 0.8361 0.8589
8 0.877 0.83055 0.853775
9 0.8847 0.8226 0.85365
10 0.87115 0.78605 0.8286
11 0.8806 0.8003 0.84045
12 0.8924 0.81455 0.853475
13 0.9019 0.8235 0.8627
14 0.90965 0.834 0.871825
15 0.92245 0.85565 0.88905
16 0.9248 0.85765 0.8912249999999999
17 0.92705 0.8601 0.893575
18 0.9285 0.86145 0.8949750000000001
19 0.92915 0.86265 0.8959
20 0.9297 0.8643 0.897
21 0.93075 0.8646 0.897675
22 0.93125 0.8651 0.898175
23 0.9321 0.8669 0.8995
24 0.9337 0.86805 0.900875
25 0.93505 0.86925 0.90215
26 0.9361 0.8701 0.9031
27 0.9371 0.87075 0.9039250000000001
28 0.9381 0.87135 0.904725
29 0.9386 0.8721 0.90535
30 0.94275 0.8745 0.908625
31 0.943 0.87435 0.9086749999999999
32 0.9432 0.87455 0.9088750000000001
33 0.94325 0.8745 0.9088750000000001
34 0.94335 0.8746 0.9089750000000001
35 0.9436 0.8745 0.90905
36 0.94375 0.87465 0.9092
37 0.94385 0.8746 0.909225
38 0.94385 0.8748 0.9093249999999999
39 0.94375 0.87495 0.90935
40 0.9436 0.875 0.9093
41 0.94375 0.87505 0.9094
42 0.94395 0.87535 0.90965
43 0.9441 0.87545 0.909775
44 0.94425 0.87545 0.90985
45 0.94405 0.87585 0.90995
46 0.94385 0.87585 0.90985
47 0.94385 0.8761 0.909975
48 0.94395 0.87605 0.9099999999999999
49 0.9439 0.8759 0.9098999999999999
50 0.9439 0.8758 0.90985
51 0.9439 0.87575 0.909825
52 0.944 0.8758 0.9098999999999999
53 0.94395 0.8758 0.909875
54 0.94395 0.87585 0.9098999999999999
55 0.94395 0.8759 0.909925
56 0.94405 0.8759 0.909975
57 0.94405 0.87595 0.9099999999999999
58 0.94415 0.876 0.910075
59 0.94415 0.876 0.910075
60 0.94415 0.876 0.910075
61 0.94415 0.87595 0.91005
62 0.94415 0.87585 0.91
63 0.9441 0.87595 0.9100250000000001
64 0.9441 0.8759 0.91
65 0.94405 0.87585 0.90995
66 0.94405 0.87585 0.90995
67 0.94405 0.87585 0.90995
68 0.94405 0.8759 0.909975
69 0.94405 0.87595 0.9099999999999999
70 0.94405 0.87595 0.9099999999999999
71 0.94405 0.87605 0.91005
72 0.94405 0.87605 0.91005
73 0.94405 0.87605 0.91005
74 0.94405 0.87605 0.91005
75 0.94405 0.87605 0.91005
76 0.94405 0.87605 0.91005
77 0.94405 0.87605 0.91005
78 0.94405 0.87605 0.91005
79 0.94405 0.87605 0.91005
80 0.94405 0.87605 0.91005
81 0.94405 0.87605 0.91005
82 0.94405 0.87605 0.91005
83 0.94405 0.87605 0.91005
84 0.94405 0.87605 0.91005
85 0.94405 0.87605 0.91005
86 0.94405 0.87605 0.91005
87 0.94405 0.87605 0.91005
88 0.94405 0.87605 0.91005
89 0.94405 0.87605 0.91005
90 0.94405 0.87605 0.91005
91 0.94405 0.87605 0.91005
92 0.94405 0.87605 0.91005
93 0.94405 0.87605 0.91005
94 0.94405 0.87605 0.91005
95 0.94405 0.87605 0.91005
96 0.94405 0.87605 0.91005
97 0.94405 0.87605 0.91005
98 0.94405 0.87605 0.91005
99 0.94405 0.87605 0.91005
