iter task 1 acc. task 2 acc. avg acc.
0 0.8004 0.7517 0.77605
1 0.8516 0.8204 0.8360000000000001
2 0.86865 0.842 0.855325
3 0.8732 0.83935 0.856275
4 0.88425 0.8652 0.874725
5 0.89275 0.8753 0.8840250000000001
6 0.9007 0.8776 0.88915
7 0.90855 0.8934 0.900975
8 0.91235 0.9048 0.908575
9 0.91165 0.89955 0.9056
10 0.91905 0.90425 0.9116500000000001
11 0.9289 0.90435 0.916625
12 0.9255 0.91085 0.918175
13 0.9332 0.9122 0.9227000000000001
14 0.9378 0.915 0.9264
15 0.9559 0.94385 0.949875
16 0.9589 0.9478 0.9533499999999999
17 0.96205 0.9506 0.956325
18 0.96395 0.9532 0.958575
19 0.9651 0.9547 0.9599
20 0.96595 0.956 0.9609749999999999
21 0.9675 0.95725 0.962375
22 0.96855 0.9593 0.963925
23 0.9694 0.96085 0.965125
24 0.96985 0.96195 0.9659
25 0.97085 0.96335 0.9671000000000001
26 0.972 0.96505 0.968525
27 0.97255 0.966 0.969275
28 0.97315 0.96645 0.9698
29 0.9744 0.9671 0.97075
30 0.97935 0.97075 0.97505
31 0.98005 0.97135 0.9757
32 0.98005 0.9716 0.9758249999999999
33 0.98025 0.9717 0.975975
34 0.9803 0.972 0.97615
35 0.9804 0.97215 0.976275
36 0.98045 0.97245 0.97645
37 0.98075 0.97265 0.9767
38 0.981 0.97295 0.9769749999999999
39 0.98125 0.9731 0.9771749999999999
40 0.98155 0.97325 0.9774
41 0.98175 0.97345 0.9776
42 0.98175 0.9736 0.9776750000000001
43 0.9818 0.97365 0.977725
44 0.98195 0.97375 0.97785
45 0.982 0.97415 0.978075
46 0.9821 0.974 0.97805
47 0.9822 0.9743 0.9782500000000001
48 0.9822 0.97425 0.9782249999999999
49 0.9822 0.9743 0.9782500000000001
50 0.9822 0.9743 0.9782500000000001
51 0.9822 0.97435 0.978275
52 0.98225 0.9743 0.978275
53 0.9823 0.9743 0.9783
54 0.9823 0.9743 0.9783
55 0.9823 0.9743 0.9783
56 0.98235 0.9743 0.978325
57 0.98245 0.97435 0.9784
58 0.9825 0.97435 0.9784250000000001
59 0.9825 0.97435 0.9784250000000001
60 0.9825 0.97435 0.9784250000000001
61 0.9825 0.97435 0.9784250000000001
62 0.9825 0.97435 0.9784250000000001
63 0.9825 0.97435 0.9784250000000001
64 0.9825 0.9744 0.97845
65 0.9825 0.9744 0.97845
66 0.9825 0.9744 0.97845
67 0.9825 0.9744 0.97845
68 0.9825 0.9744 0.97845
69 0.9825 0.9744 0.97845
70 0.9825 0.9744 0.97845
71 0.9825 0.9744 0.97845
72 0.9825 0.9744 0.97845
73 0.9825 0.9744 0.97845
74 0.9825 0.9744 0.97845
75 0.9825 0.9744 0.97845
76 0.9825 0.9744 0.97845
77 0.9825 0.9744 0.97845
78 0.9825 0.9744 0.97845
79 0.9825 0.9744 0.97845
80 0.9825 0.9744 0.97845
81 0.9825 0.9744 0.97845
82 0.9825 0.9744 0.97845
83 0.9825 0.9744 0.97845
84 0.9825 0.9744 0.97845
85 0.9825 0.9744 0.97845
86 0.9825 0.9744 0.97845
87 0.9825 0.9744 0.97845
88 0.9825 0.9744 0.97845
89 0.9825 0.9744 0.97845
90 0.9825 0.9744 0.97845
91 0.9825 0.9744 0.97845
92 0.9825 0.9744 0.97845
93 0.9825 0.9744 0.97845
94 0.9825 0.9744 0.97845
95 0.9825 0.9744 0.97845
96 0.9825 0.9744 0.97845
97 0.9825 0.9744 0.97845
98 0.9825 0.9744 0.97845
99 0.9825 0.9744 0.97845
