iter task 1 acc. task 2 acc. avg acc.
0 0.78385 0.7386 0.761225
1 0.8404 0.83165 0.836025
2 0.8668 0.86515 0.8659749999999999
3 0.88615 0.8706 0.878375
4 0.8951 0.8843 0.8896999999999999
5 0.9049 0.889 0.89695
6 0.91125 0.89525 0.90325
7 0.9163 0.8985 0.9074
8 0.9196 0.90195 0.910775
9 0.91725 0.90925 0.91325
10 0.9211 0.914 0.9175500000000001
11 0.92525 0.9199 0.922575
12 0.9327 0.92175 0.927225
13 0.93075 0.9211 0.925925
14 0.93365 0.91885 0.92625
15 0.95435 0.9457 0.950025
16 0.9582 0.9506 0.9544
17 0.96085 0.95315 0.9570000000000001
18 0.96245 0.9556 0.959025
19 0.96445 0.95755 0.9610000000000001
20 0.9666 0.95885 0.962725
21 0.9681 0.9601 0.9641
22 0.9687 0.96135 0.965025
23 0.9692 0.9627 0.96595
24 0.97025 0.96425 0.9672499999999999
25 0.97125 0.9652 0.9682249999999999
26 0.972 0.9668 0.9694
27 0.97265 0.96745 0.9700500000000001
28 0.97345 0.96855 0.9710000000000001
29 0.9739 0.9695 0.9717
30 0.9776 0.97175 0.974675
31 0.97795 0.9721 0.975025
32 0.9782 0.97225 0.975225
33 0.97845 0.9722 0.975325
34 0.97875 0.97255 0.97565
35 0.97895 0.9729 0.9759249999999999
36 0.9793 0.9734 0.97635
37 0.9796 0.9735 0.97655
38 0.9797 0.9739 0.9768
39 0.9799 0.9742 0.97705
40 0.9801 0.9744 0.97725
41 0.9802 0.97455 0.977375
42 0.98035 0.9746 0.9774750000000001
43 0.98055 0.97465 0.9776
44 0.9808 0.9747 0.97775
45 0.982 0.9752 0.9785999999999999
46 0.98215 0.97525 0.9786999999999999
47 0.98245 0.97535 0.9789000000000001
48 0.98265 0.97535 0.9790000000000001
49 0.9827 0.97535 0.979025
50 0.98265 0.97545 0.97905
51 0.9827 0.97545 0.979075
52 0.9827 0.97555 0.979125
53 0.98275 0.97545 0.9791000000000001
54 0.98275 0.97555 0.97915
55 0.98275 0.97565 0.9792000000000001
56 0.9828 0.97575 0.979275
57 0.9828 0.97565 0.979225
58 0.9828 0.97565 0.979225
59 0.9828 0.97565 0.979225
60 0.9828 0.9756 0.9792000000000001
61 0.9828 0.9756 0.9792000000000001
62 0.9828 0.9756 0.9792000000000001
63 0.9828 0.9756 0.9792000000000001
64 0.9828 0.9756 0.9792000000000001
65 0.9828 0.9756 0.9792000000000001
66 0.9828 0.9756 0.9792000000000001
67 0.9828 0.9757 0.97925
68 0.9828 0.9757 0.97925
69 0.9828 0.9757 0.97925
70 0.9828 0.9757 0.97925
71 0.98285 0.9757 0.979275
72 0.98285 0.9757 0.979275
73 0.98285 0.9757 0.979275
74 0.98285 0.9757 0.979275
75 0.98285 0.9757 0.979275
76 0.98285 0.9757 0.979275
77 0.9828 0.9757 0.97925
78 0.9828 0.9757 0.97925
79 0.9828 0.9757 0.97925
80 0.9828 0.9757 0.97925
81 0.9828 0.9757 0.97925
82 0.9828 0.9757 0.97925
83 0.9828 0.9757 0.97925
84 0.9828 0.9757 0.97925
85 0.9828 0.9757 0.97925
86 0.9828 0.9757 0.97925
87 0.9828 0.9757 0.97925
88 0.9828 0.9757 0.97925
89 0.9828 0.9757 0.97925
90 0.9828 0.9757 0.97925
91 0.9828 0.9757 0.97925
92 0.9828 0.9757 0.97925
93 0.9828 0.9757 0.97925
94 0.9828 0.9757 0.97925
95 0.9828 0.9757 0.97925
96 0.9828 0.9757 0.97925
97 0.9828 0.9757 0.97925
98 0.9828 0.9757 0.97925
99 0.9828 0.9757 0.97925
