iter task 1 acc. task 2 acc. avg acc.
0 0.72315 0.64765 0.6854
1 0.801 0.77105 0.786025
2 0.8408 0.81945 0.830125
3 0.86125 0.8429 0.8520749999999999
4 0.8762 0.8635 0.86985
5 0.88795 0.87555 0.88175
6 0.89835 0.8859 0.8921250000000001
7 0.9059 0.89495 0.900425
8 0.9124 0.90065 0.906525
9 0.91725 0.9045 0.910875
10 0.92305 0.9123 0.917675
11 0.92825 0.91875 0.9235
12 0.9331 0.9235 0.9283
13 0.9348 0.92855 0.931675
14 0.9369 0.9331 0.935
15 0.9454 0.9399 0.94265
16 0.9471 0.94185 0.944475
17 0.9481 0.9428 0.94545
18 0.9489 0.94355 0.946225
19 0.9496 0.94395 0.9467749999999999
20 0.95025 0.9447 0.9474750000000001
21 0.951 0.94515 0.948075
22 0.9519 0.9456 0.94875
23 0.9522 0.946 0.9491
24 0.95275 0.9461 0.949425
25 0.9533 0.9467 0.95
26 0.95405 0.9471 0.950575
27 0.95455 0.9478 0.951175
28 0.95495 0.9483 0.9516249999999999
29 0.95525 0.9487 0.951975
30 0.958 0.94985 0.9539249999999999
31 0.9583 0.94995 0.954125
32 0.95845 0.95 0.954225
33 0.95845 0.95 0.954225
34 0.95855 0.9502 0.954375
35 0.95855 0.95035 0.95445
36 0.95865 0.9504 0.9545250000000001
37 0.9587 0.9506 0.95465
38 0.95865 0.9508 0.954725
39 0.95865 0.95095 0.9548
40 0.9588 0.95095 0.9548749999999999
41 0.9589 0.95095 0.954925
42 0.95895 0.951 0.9549749999999999
43 0.9591 0.9509 0.955
44 0.95915 0.951 0.9550749999999999
45 0.959 0.9513 0.9551499999999999
46 0.959 0.95135 0.955175
47 0.9592 0.95135 0.9552750000000001
48 0.9592 0.9514 0.9553
49 0.95915 0.9514 0.955275
50 0.9592 0.9514 0.9553
51 0.95925 0.95135 0.9553
52 0.95935 0.95145 0.9554
53 0.95935 0.95145 0.9554
54 0.9594 0.95145 0.955425
55 0.95945 0.95145 0.95545
56 0.95945 0.95145 0.95545
57 0.95945 0.9515 0.9554750000000001
58 0.9595 0.95155 0.955525
59 0.9595 0.95155 0.955525
60 0.9595 0.95155 0.955525
61 0.9595 0.95155 0.955525
62 0.9595 0.95155 0.955525
63 0.9595 0.95155 0.955525
64 0.9595 0.95155 0.955525
65 0.9595 0.95155 0.955525
66 0.9595 0.95155 0.955525
67 0.9595 0.9516 0.95555
68 0.9595 0.9516 0.95555
69 0.9595 0.9516 0.95555
70 0.9595 0.9516 0.95555
71 0.9595 0.9516 0.95555
72 0.95955 0.95155 0.95555
73 0.95955 0.95155 0.95555
74 0.95955 0.95155 0.95555
75 0.95955 0.95155 0.95555
76 0.95955 0.95155 0.95555
77 0.95955 0.95155 0.95555
78 0.95955 0.95155 0.95555
79 0.95955 0.95155 0.95555
80 0.95955 0.95155 0.95555
81 0.95955 0.95155 0.95555
82 0.95955 0.95155 0.95555
83 0.95955 0.95155 0.95555
84 0.95955 0.95155 0.95555
85 0.95955 0.95155 0.95555
86 0.95955 0.95155 0.95555
87 0.95955 0.95155 0.95555
88 0.95955 0.95155 0.95555
89 0.95955 0.95155 0.95555
90 0.95955 0.95155 0.95555
91 0.95955 0.95155 0.95555
92 0.95955 0.95155 0.95555
93 0.95955 0.95155 0.95555
94 0.95955 0.95155 0.95555
95 0.95955 0.95155 0.95555
96 0.95955 0.95155 0.95555
97 0.95955 0.95155 0.95555
98 0.95955 0.95155 0.95555
99 0.95955 0.95155 0.95555
