iter task 1 acc. task 2 acc. avg acc.
0 0.74325 0.73345 0.7383500000000001
1 0.75515 0.73705 0.7461
2 0.77875 0.74585 0.7623
3 0.80815 0.79605 0.8021
4 0.8355 0.80925 0.8223750000000001
5 0.83875 0.80985 0.8243
6 0.8584 0.83395 0.846175
7 0.87085 0.82455 0.8477
8 0.87765 0.83085 0.85425
9 0.89235 0.83795 0.86515
10 0.9005 0.84765 0.8740749999999999
11 0.9057 0.8559 0.8808
12 0.9041 0.85625 0.8801749999999999
13 0.9065 0.8636 0.88505
14 0.9047 0.8627 0.8836999999999999
15 0.9336 0.89165 0.912625
16 0.93885 0.89605 0.91745
17 0.94245 0.89865 0.92055
18 0.94445 0.90195 0.9232
19 0.9469 0.9034 0.9251499999999999
20 0.9479 0.9059 0.9269000000000001
21 0.9485 0.90845 0.9284749999999999
22 0.9499 0.90975 0.9298249999999999
23 0.9508 0.91085 0.930825
24 0.9524 0.9125 0.93245
25 0.955 0.91315 0.934075
26 0.9551 0.91425 0.9346749999999999
27 0.9563 0.91615 0.9362250000000001
28 0.9564 0.9165 0.93645
29 0.95775 0.91755 0.93765
30 0.9636 0.91885 0.941225
31 0.9635 0.91915 0.941325
32 0.96365 0.9194 0.941525
33 0.96395 0.9196 0.941775
34 0.9643 0.9198 0.94205
35 0.96435 0.92015 0.94225
36 0.96425 0.92035 0.9423
37 0.96445 0.9206 0.9425250000000001
38 0.9645 0.9206 0.94255
39 0.9646 0.9208 0.9427
40 0.96465 0.92075 0.9427
41 0.9648 0.921 0.9429000000000001
42 0.9649 0.92135 0.943125
43 0.96505 0.9216 0.943325
44 0.9652 0.92165 0.943425
45 0.96665 0.9224 0.9445250000000001
46 0.9666 0.9226 0.9446
47 0.96665 0.9225 0.9445749999999999
48 0.9664 0.92265 0.9445250000000001
49 0.96645 0.9227 0.9445749999999999
50 0.96645 0.92265 0.94455
51 0.96645 0.9226 0.9445250000000001
52 0.9665 0.9227 0.9446
53 0.96665 0.92265 0.94465
54 0.96665 0.92265 0.94465
55 0.96665 0.9227 0.9446749999999999
56 0.96665 0.92275 0.9447
57 0.9667 0.9228 0.94475
58 0.96675 0.92285 0.9448
59 0.9667 0.92285 0.9447749999999999
60 0.96675 0.923 0.944875
61 0.9667 0.92305 0.944875
62 0.96675 0.9231 0.944925
63 0.9668 0.9231 0.94495
64 0.96675 0.92305 0.9449000000000001
65 0.96675 0.92305 0.9449000000000001
66 0.96675 0.92305 0.9449000000000001
67 0.96675 0.92305 0.9449000000000001
68 0.9668 0.9231 0.94495
69 0.9668 0.9231 0.94495
70 0.9668 0.92315 0.944975
71 0.9668 0.92315 0.944975
72 0.9668 0.9231 0.94495
73 0.9668 0.9231 0.94495
74 0.96685 0.9231 0.944975
75 0.96685 0.92305 0.94495
76 0.96685 0.92305 0.94495
77 0.96685 0.92305 0.94495
78 0.96685 0.92305 0.94495
79 0.96685 0.92305 0.94495
80 0.96685 0.92305 0.94495
81 0.96685 0.9231 0.944975
82 0.96685 0.9231 0.944975
83 0.96685 0.9231 0.944975
84 0.96685 0.9231 0.944975
85 0.96685 0.9231 0.944975
86 0.96685 0.9231 0.944975
87 0.96685 0.9231 0.944975
88 0.96685 0.9231 0.944975
89 0.96685 0.9231 0.944975
90 0.96685 0.9231 0.944975
91 0.96685 0.9231 0.944975
92 0.96685 0.9231 0.944975
93 0.96685 0.9231 0.944975
94 0.96685 0.9231 0.944975
95 0.96685 0.9231 0.944975
96 0.96685 0.9231 0.944975
97 0.96685 0.9231 0.944975
98 0.96685 0.9231 0.944975
99 0.96685 0.9231 0.944975
