iter task 1 acc. task 2 acc. avg acc.
0 0.66645 0.64095 0.6537
1 0.71385 0.699 0.706425
2 0.74065 0.7389 0.7397750000000001
3 0.74555 0.74865 0.7471000000000001
4 0.77455 0.76195 0.76825
5 0.7793 0.76875 0.774025
6 0.8048 0.79285 0.798825
7 0.8114 0.8037 0.80755
8 0.8217 0.80915 0.8154250000000001
9 0.82945 0.81195 0.8207
10 0.8273 0.8065 0.8169
11 0.84105 0.83025 0.83565
12 0.8403 0.82495 0.832625
13 0.84015 0.8251 0.832625
14 0.8443 0.83105 0.837675
15 0.87465 0.8594 0.867025
16 0.8789 0.8649 0.8719
17 0.8816 0.86815 0.8748750000000001
18 0.8844 0.8715 0.87795
19 0.8878 0.87355 0.8806750000000001
20 0.88975 0.87565 0.8827
21 0.891 0.87875 0.8848750000000001
22 0.8928 0.87985 0.886325
23 0.89365 0.88185 0.88775
24 0.89525 0.88295 0.8891
25 0.8963 0.88435 0.890325
26 0.8976 0.88625 0.891925
27 0.8987 0.887 0.89285
28 0.9002 0.88695 0.893575
29 0.90125 0.88795 0.8946000000000001
30 0.90455 0.8934 0.898975
31 0.90505 0.8943 0.899675
32 0.90515 0.89475 0.89995
33 0.90525 0.89515 0.9002
34 0.9053 0.89545 0.9003749999999999
35 0.9055 0.89565 0.9005749999999999
36 0.9061 0.89585 0.9009750000000001
37 0.90655 0.89585 0.9012
38 0.9068 0.89565 0.9012249999999999
39 0.90705 0.89555 0.9013
40 0.90745 0.89555 0.9015
41 0.90755 0.8955 0.9015249999999999
42 0.9076 0.8957 0.9016500000000001
43 0.90745 0.8956 0.9015249999999999
44 0.9077 0.896 0.90185
45 0.90835 0.89605 0.9022
46 0.90825 0.89615 0.9022
47 0.9083 0.8961 0.9022
48 0.90825 0.8961 0.902175
49 0.90825 0.8961 0.902175
50 0.90825 0.89635 0.9023
51 0.9083 0.89635 0.902325
52 0.9083 0.89635 0.902325
53 0.9083 0.89635 0.902325
54 0.90835 0.8964 0.9023749999999999
55 0.90835 0.89645 0.9024
56 0.90835 0.8964 0.9023749999999999
57 0.90835 0.89645 0.9024
58 0.90845 0.89655 0.9025
59 0.9085 0.8967 0.9026000000000001
60 0.90835 0.8966 0.9024749999999999
61 0.9084 0.8967 0.90255
62 0.9085 0.89675 0.902625
63 0.90855 0.89685 0.9027000000000001
64 0.90855 0.89685 0.9027000000000001
65 0.9084 0.89685 0.902625
66 0.9084 0.8969 0.90265
67 0.90845 0.8969 0.902675
68 0.90845 0.8969 0.902675
69 0.9084 0.8969 0.90265
70 0.90835 0.8969 0.902625
71 0.90835 0.8969 0.902625
72 0.90835 0.89685 0.9026000000000001
73 0.90835 0.89685 0.9026000000000001
74 0.9084 0.89685 0.902625
75 0.9084 0.89685 0.902625
76 0.9084 0.89685 0.902625
77 0.9084 0.89685 0.902625
78 0.90835 0.89685 0.9026000000000001
79 0.90835 0.89685 0.9026000000000001
80 0.90835 0.89685 0.9026000000000001
81 0.90835 0.89685 0.9026000000000001
82 0.90835 0.89685 0.9026000000000001
83 0.90835 0.89685 0.9026000000000001
84 0.90835 0.89685 0.9026000000000001
85 0.9084 0.89685 0.902625
86 0.9084 0.8969 0.90265
87 0.9084 0.8969 0.90265
88 0.9084 0.8969 0.90265
89 0.9084 0.8969 0.90265
90 0.9084 0.8969 0.90265
91 0.9084 0.8969 0.90265
92 0.9084 0.8969 0.90265
93 0.9084 0.8969 0.90265
94 0.9084 0.8969 0.90265
95 0.9084 0.8969 0.90265
96 0.9084 0.8969 0.90265
97 0.9084 0.8969 0.90265
98 0.9084 0.8969 0.90265
99 0.9084 0.8969 0.90265
